{
    "sensor2ego": [
      [
        [
          [
            0.8225460648536682,
            0.006478320807218552,
            0.568661630153656,
            1.5752559900283813
          ],
          [
            -0.5686843395233154,
            0.016434065997600555,
            0.8223916888237,
            0.5005193948745728
          ],
          [
            -0.004017705097794533,
            -0.999843955039978,
            0.017201894894242287,
            1.5069602727890015
          ],
          [
            0.0,
            0.0,
            0.0,
            1.0
          ]
        ],
        [
          [
            0.010047300718724728,
            0.008502078242599964,
            0.9999133944511414,
            1.7887789011001587
          ],
          [
            -0.9998756647109985,
            0.012235387228429317,
            0.009942899458110332,
            0.0040761264972388744
          ],
          [
            -0.012149793095886707,
            -0.9998890161514282,
            0.00862395390868187,
            1.496208667755127
          ],
          [
            0.0,
            0.0,
            0.0,
            1.0
          ]
        ],
        [
          [
            -0.8442137837409973,
            0.016593165695667267,
            0.5357497334480286,
            1.7182365655899048
          ],
          [
            -0.5357719659805298,
            0.00345074781216681,
            -0.8443557024002075,
            -0.5003705620765686
          ],
          [
            -0.015859270468354225,
            -0.9998564124107361,
            0.005976982414722443,
            1.5202275514602661
          ],
          [
            0.0,
            0.0,
            0.0,
            1.0
          ]
        ],
        [
          [
            0.9482704997062683,
            -0.008185640908777714,
            -0.31735819578170776,
            1.422345519065857
          ],
          [
            0.3174571692943573,
            0.01801731437444687,
            0.9481014609336853,
            0.48047083616256714
          ],
          [
            -0.0020428772550076246,
            -0.9998041987419128,
            0.019683877006173134,
            1.5690933465957642
          ],
          [
            0.0,
            0.0,
            0.0,
            1.0
          ]
        ],
        [
          [
            0.010128931142389774,
            -0.006247565615922213,
            -0.9999292492866516,
            0.34237825870513916
          ],
          [
            0.999891996383667,
            0.010717799887061119,
            0.010061574168503284,
            0.009690597653388977
          ],
          [
            0.010654180310666561,
            -0.9999229907989502,
            0.006355449091643095,
            1.57305908203125
          ],
          [
            0.0,
            0.0,
            0.0,
            1.0
          ]
        ],
        [
          [
            -0.9234844446182251,
            -0.002268227282911539,
            -0.38362911343574524,
            1.2636008262634277
          ],
          [
            0.38362830877304077,
            -0.01173811499029398,
            -0.9234130382537842,
            -0.46883833408355713
          ],
          [
            -0.002408571308478713,
            -0.9999285340309143,
            0.011710123158991337,
            1.5546337366104126
          ],
          [
            0.0,
            0.0,
            0.0,
            1.0
          ]
        ]
      ]
    ],
    "ego2global": [
      [
        [
          [
            0.8772411942481995,
            0.4798700213432312,
            0.013137852773070335,
            599.7913208007812
          ],
          [
            -0.47972530126571655,
            0.8773259520530701,
            -0.012758933939039707,
            1647.673583984375
          ],
          [
            -0.017648808658123016,
            0.004890101961791515,
            0.999832272529602,
            0.0
          ],
          [
            0.0,
            0.0,
            0.0,
            1.0
          ]
        ],
        [
          [
            0.8771395087242126,
            0.4800564646720886,
            0.013117896392941475,
            599.8497924804688
          ],
          [
            -0.4799136519432068,
            0.8772243857383728,
            -0.012657895684242249,
            1647.64111328125
          ],
          [
            -0.01758384332060814,
            0.004807283170521259,
            0.9998338222503662,
            0.0
          ],
          [
            0.0,
            0.0,
            0.0,
            1.0
          ]
        ],
        [
          [
            0.8770313858985901,
            0.48025450110435486,
            0.013096746057271957,
            599.911865234375
          ],
          [
            -0.4801136553287506,
            0.8771165013313293,
            -0.012550565414130688,
            1647.606689453125
          ],
          [
            -0.01751483790576458,
            0.004719313234090805,
            0.9998354911804199,
            0.0
          ],
          [
            0.0,
            0.0,
            0.0,
            1.0
          ]
        ],
        [
          [
            0.8766613006591797,
            0.4809354841709137,
            0.012886857613921165,
            600.1185913085938
          ],
          [
            -0.4808098077774048,
            0.8767464756965637,
            -0.01172869373112917,
            1647.49169921875
          ],
          [
            -0.016939252614974976,
            0.004085964523255825,
            0.9998481869697571,
            0.0
          ],
          [
            0.0,
            0.0,
            0.0,
            1.0
          ]
        ],
        [
          [
            0.8768066763877869,
            0.4806692898273468,
            0.012927393428981304,
            600.0430908203125
          ],
          [
            -0.48053857684135437,
            0.8768913149833679,
            -0.012013133615255356,
            1647.53369140625
          ],
          [
            -0.01711026206612587,
            0.0043210843577980995,
            0.9998442530632019,
            0.0
          ],
          [
            0.0,
            0.0,
            0.0,
            1.0
          ]
        ],
        [
          [
            0.876931369304657,
            0.48044031858444214,
            0.01297853421419859,
            599.9705200195312
          ],
          [
            -0.4803037643432617,
            0.8770154714584351,
            -0.012336969375610352,
            1647.573974609375
          ],
          [
            -0.017309552058577538,
            0.004585036542266607,
            0.9998396635055542,
            0.0
          ],
          [
            0.0,
            0.0,
            0.0,
            1.0
          ]
        ]
      ]
    ],
    "camera2imgs": [
      [
        [
          [
            1257.862548828125,
            0.0,
            827.2410888671875
          ],
          [
            0.0,
            1257.862548828125,
            450.9154968261719
          ],
          [
            0.0,
            0.0,
            1.0
          ]
        ],
        [
          [
            1252.8131103515625,
            0.0,
            826.588134765625
          ],
          [
            0.0,
            1252.8131103515625,
            469.9846496582031
          ],
          [
            0.0,
            0.0,
            1.0
          ]
        ],
        [
          [
            1256.74853515625,
            0.0,
            817.7887573242188
          ],
          [
            0.0,
            1256.74853515625,
            451.9541931152344
          ],
          [
            0.0,
            0.0,
            1.0
          ]
        ],
        [
          [
            1254.986083984375,
            0.0,
            829.576904296875
          ],
          [
            0.0,
            1254.986083984375,
            467.1680603027344
          ],
          [
            0.0,
            0.0,
            1.0
          ]
        ],
        [
          [
            796.8910522460938,
            0.0,
            857.7774047851562
          ],
          [
            0.0,
            796.8910522460938,
            476.8848876953125
          ],
          [
            0.0,
            0.0,
            1.0
          ]
        ],
        [
          [
            1249.962890625,
            0.0,
            825.3768310546875
          ],
          [
            0.0,
            1249.962890625,
            462.54815673828125
          ],
          [
            0.0,
            0.0,
            1.0
          ]
        ]
      ]
    ],
    "post_rots": [
      [
        [
          [
            0.4399999976158142,
            0.0,
            0.0
          ],
          [
            0.0,
            0.4399999976158142,
            0.0
          ],
          [
            0.0,
            0.0,
            1.0
          ]
        ],
        [
          [
            0.4399999976158142,
            0.0,
            0.0
          ],
          [
            0.0,
            0.4399999976158142,
            0.0
          ],
          [
            0.0,
            0.0,
            1.0
          ]
        ],
        [
          [
            0.4399999976158142,
            0.0,
            0.0
          ],
          [
            0.0,
            0.4399999976158142,
            0.0
          ],
          [
            0.0,
            0.0,
            1.0
          ]
        ],
        [
          [
            0.4399999976158142,
            0.0,
            0.0
          ],
          [
            0.0,
            0.4399999976158142,
            0.0
          ],
          [
            0.0,
            0.0,
            1.0
          ]
        ],
        [
          [
            0.4399999976158142,
            0.0,
            0.0
          ],
          [
            0.0,
            0.4399999976158142,
            0.0
          ],
          [
            0.0,
            0.0,
            1.0
          ]
        ],
        [
          [
            0.4399999976158142,
            0.0,
            0.0
          ],
          [
            0.0,
            0.4399999976158142,
            0.0
          ],
          [
            0.0,
            0.0,
            1.0
          ]
        ]
      ]
    ],
    "post_trans": [
      [
        [
          0.0,
          -140.0,
          0.0
        ],
        [
          0.0,
          -140.0,
          0.0
        ],
        [
          0.0,
          -140.0,
          0.0
        ],
        [
          0.0,
          -140.0,
          0.0
        ],
        [
          0.0,
          -140.0,
          0.0
        ],
        [
          0.0,
          -140.0,
          0.0
        ]
      ]
    ],
    "bda": [
      [
        [
          1.0,
          0.0,
          0.0,
          0.0
        ],
        [
          0.0,
          1.0,
          0.0,
          0.0
        ],
        [
          0.0,
          0.0,
          1.0,
          0.0
        ],
        [
          0.0,
          0.0,
          0.0,
          1.0
        ]
      ]
    ]
  }